Z = 40x112, F = 80x200 (|T| = 40100): alfa_T verdadeiro 0.6060  [277s]
  massa de v (entrada) (linhas |m| em [(0, 16), (16, 32), (32, 40), (40, 48), (48, 56), (56, 64), (64, 999)]; colunas n em [(0, 64), (64, 128), (128, 160), (160, 200), (200, 9999)]):
[[0.    0.    0.    0.    0.   ]
 [0.    0.105 0.033 0.    0.   ]
 [0.    0.384 0.378 0.    0.   ]
 [0.    0.039 0.06  0.001 0.   ]
 [0.    0.    0.    0.    0.   ]
 [0.    0.    0.    0.    0.   ]
 [0.    0.    0.    0.    0.   ]]
  massa de u (saida) (linhas |m| em [(0, 16), (16, 32), (32, 40), (40, 48), (48, 56), (56, 64), (64, 999)]; colunas n em [(0, 64), (64, 128), (128, 160), (160, 200), (200, 9999)]):
[[0.    0.    0.    0.    0.   ]
 [0.    0.116 0.019 0.    0.   ]
 [0.    0.459 0.305 0.    0.   ]
 [0.    0.043 0.058 0.    0.   ]
 [0.    0.    0.    0.    0.   ]
 [0.    0.    0.    0.    0.   ]
 [0.    0.    0.    0.    0.   ]]
  W = 16: janelas ||N_win||_2 0.9459 (perda 1.56x), raio de Perron 0.9454 (1.56x), maior bloco 0.5949  [1019s]
[[0.335 0.179 0.    0.    0.    0.    0.    0.    0.    0.   ]
 [0.195 0.464 0.245 0.    0.    0.    0.    0.    0.    0.   ]
 [0.    0.256 0.595 0.286 0.    0.    0.    0.    0.    0.   ]
 [0.    0.    0.259 0.549 0.15  0.    0.    0.    0.    0.   ]
 [0.    0.    0.    0.125 0.334 0.083 0.    0.    0.    0.   ]
 [0.    0.    0.    0.    0.079 0.355 0.145 0.    0.    0.   ]
 [0.    0.    0.    0.    0.    0.109 0.561 0.245 0.    0.   ]
 [0.    0.    0.    0.    0.    0.    0.184 0.59  0.234 0.   ]
 [0.    0.    0.    0.    0.    0.    0.    0.143 0.454 0.18 ]
 [0.    0.    0.    0.    0.    0.    0.    0.    0.097 0.326]]
