Z = 40x96, F = 80x200 (|T| = 42300): alfa_T verdadeiro 0.6799  [298s]
  massa de v (entrada) (linhas |m| em [(0, 16), (16, 32), (32, 40), (40, 48), (48, 56), (56, 64), (64, 999)]; colunas n em [(0, 64), (64, 128), (128, 160), (160, 200), (200, 9999)]):
[[0.    0.    0.    0.    0.   ]
 [0.    0.68  0.007 0.    0.   ]
 [0.    0.291 0.02  0.    0.   ]
 [0.    0.002 0.001 0.    0.   ]
 [0.    0.    0.    0.    0.   ]
 [0.    0.    0.    0.    0.   ]
 [0.    0.    0.    0.    0.   ]]
  massa de u (saida) (linhas |m| em [(0, 16), (16, 32), (32, 40), (40, 48), (48, 56), (56, 64), (64, 999)]; colunas n em [(0, 64), (64, 128), (128, 160), (160, 200), (200, 9999)]):
[[0.    0.    0.    0.    0.   ]
 [0.    0.677 0.002 0.    0.   ]
 [0.    0.305 0.012 0.    0.   ]
 [0.    0.002 0.001 0.    0.   ]
 [0.    0.    0.    0.    0.   ]
 [0.    0.    0.    0.    0.   ]
 [0.    0.    0.    0.    0.   ]]
  W = 16: janelas ||N_win||_2 1.0483 (perda 1.54x), raio de Perron 1.0479 (1.54x), maior bloco 0.6646  [1065s]
[[0.335 0.179 0.    0.    0.    0.    0.    0.    0.    0.   ]
 [0.195 0.464 0.245 0.    0.    0.    0.    0.    0.    0.   ]
 [0.    0.256 0.627 0.326 0.    0.    0.    0.    0.    0.   ]
 [0.    0.    0.316 0.655 0.198 0.    0.    0.    0.    0.   ]
 [0.    0.    0.    0.165 0.419 0.095 0.    0.    0.    0.   ]
 [0.    0.    0.    0.    0.091 0.448 0.185 0.    0.    0.   ]
 [0.    0.    0.    0.    0.    0.143 0.665 0.29  0.    0.   ]
 [0.    0.    0.    0.    0.    0.    0.199 0.614 0.234 0.   ]
 [0.    0.    0.    0.    0.    0.    0.    0.143 0.454 0.18 ]
 [0.    0.    0.    0.    0.    0.    0.    0.    0.097 0.326]]
